0.000000000000000000e+00
3.755363947959759074e-48
6.042258425050111900e-48
9.389395216914943812e-48
1.483902815110742139e-47
2.390000208940885900e-47
3.723172499783747786e-47
5.948101106974071774e-47
9.429032679550673363e-47
1.509601111818903022e-46
2.377103404800741627e-46
3.811528597523587791e-46
5.963800120189156162e-46
9.553576060768862912e-46
1.551669112637487154e-45
2.416278597207098882e-45
3.875775020337942761e-45
6.039269430672672497e-45
9.572778272647767071e-45
1.503807135400558465e-44
2.439377859142595330e-44
3.843371200701031280e-44
6.162836796472774280e-44
9.864078830505230048e-44
1.536362123225314560e-43
2.455526931982932482e-43
3.944518456661731258e-43
6.186384174530455375e-43
9.905939967269203988e-43
1.561686145827719647e-42
5.032630240681113905e-32
3.344602641038090897e-31
2.838991856801075858e-31
2.379965475746346385e-31
2.090983008180644344e-31
1.756833757662955271e-31
1.514607467555284777e-31
1.302155415177594586e-31
1.099671111317408685e-31
9.172675817547783427e-32
7.976556776559249851e-32
6.731760528722497761e-32
5.770455501428700100e-32
4.973110653371407734e-32
4.174672395173246270e-32
3.549699046972039640e-32
3.034406216259268226e-32
2.623796436472364829e-32
2.271874473644987171e-32
1.833726613172465241e-32
1.552131645720436993e-32
1.333643209986570525e-32
1.132495111168620103e-32
1.003222042293763437e-32
8.677699760823965349e-33
7.199038415574443301e-33
6.152117575863821862e-33
5.311256492332671077e-33
4.486329890424138025e-33
3.804969387148232477e-33
3.284992858656267983e-33
2.779889815944184842e-33
2.362212164184381684e-33
2.053771669177434839e-33
1.697706194581903206e-33
1.482824868950099865e-33
1.267471986389169758e-33
1.117635612236456643e-33
1.008627961777871285e-33
9.262629985389362043e-34
9.140859965333217251e-34
9.569167154000775617e-34
1.096600386970338872e-33
1.349729834791883958e-33
1.774807028904017009e-33
2.454430337573334062e-33
3.430660648336439995e-33
4.749468961222379295e-33
6.776440390545081613e-33
8.761194818919332533e-33
1.130544279030110726e-32
1.421136294519111957e-32
1.551753241314832358e-32
1.514178881768145012e-32
1.325628911986093331e-32
8.983258048792815479e-33
4.982728529587163637e-33
2.013668372537567852e-33
5.357812208813290953e-34
1.113930032751319449e-34
3.316806264476994606e-35
2.305941452196481300e-35
1.969156676696664820e-35
1.696799938540963604e-35
1.415854593152759557e-35
1.218367449695637287e-35
1.042152382646198859e-35
8.824489424395990095e-36
7.585794239139178456e-36
6.468692219420519600e-36
3.051695513764971583e-36
0.000000000000000000e+00
0.000000000000000000e+00
0.000000000000000000e+00
0.000000000000000000e+00
0.000000000000000000e+00
0.000000000000000000e+00
0.000000000000000000e+00
0.000000000000000000e+00
0.000000000000000000e+00
0.000000000000000000e+00
0.000000000000000000e+00
0.000000000000000000e+00
0.000000000000000000e+00
0.000000000000000000e+00
0.000000000000000000e+00
0.000000000000000000e+00
0.000000000000000000e+00
0.000000000000000000e+00
0.000000000000000000e+00
0.000000000000000000e+00
0.000000000000000000e+00
0.000000000000000000e+00
0.000000000000000000e+00
0.000000000000000000e+00
0.000000000000000000e+00
0.000000000000000000e+00
0.000000000000000000e+00
0.000000000000000000e+00
0.000000000000000000e+00
0.000000000000000000e+00
0.000000000000000000e+00
0.000000000000000000e+00
0.000000000000000000e+00
0.000000000000000000e+00
0.000000000000000000e+00
0.000000000000000000e+00
0.000000000000000000e+00
0.000000000000000000e+00
0.000000000000000000e+00
0.000000000000000000e+00
0.000000000000000000e+00
0.000000000000000000e+00
0.000000000000000000e+00
0.000000000000000000e+00
0.000000000000000000e+00
0.000000000000000000e+00
0.000000000000000000e+00
0.000000000000000000e+00
0.000000000000000000e+00
0.000000000000000000e+00
0.000000000000000000e+00
0.000000000000000000e+00
0.000000000000000000e+00
0.000000000000000000e+00
0.000000000000000000e+00
0.000000000000000000e+00
0.000000000000000000e+00
0.000000000000000000e+00
0.000000000000000000e+00
0.000000000000000000e+00
0.000000000000000000e+00
0.000000000000000000e+00
0.000000000000000000e+00
0.000000000000000000e+00
0.000000000000000000e+00
0.000000000000000000e+00
0.000000000000000000e+00
0.000000000000000000e+00
0.000000000000000000e+00
0.000000000000000000e+00
0.000000000000000000e+00
0.000000000000000000e+00
0.000000000000000000e+00
0.000000000000000000e+00
0.000000000000000000e+00
0.000000000000000000e+00
0.000000000000000000e+00
0.000000000000000000e+00
0.000000000000000000e+00
0.000000000000000000e+00
0.000000000000000000e+00
0.000000000000000000e+00
0.000000000000000000e+00
0.000000000000000000e+00
0.000000000000000000e+00
0.000000000000000000e+00
0.000000000000000000e+00
0.000000000000000000e+00
0.000000000000000000e+00
0.000000000000000000e+00
0.000000000000000000e+00
0.000000000000000000e+00
0.000000000000000000e+00
0.000000000000000000e+00
0.000000000000000000e+00
0.000000000000000000e+00
0.000000000000000000e+00
0.000000000000000000e+00
0.000000000000000000e+00
