0.000000000000000000e+00
5.069211100806853472e-48
8.156195752704175977e-48
1.267435783136458107e-47
2.003059284564072863e-47
3.226162832147358317e-47
5.025757190957875192e-47
8.029096667601529612e-47
1.272786280941351265e-46
2.037748356715280659e-46
3.208753967489196834e-46
5.145025447695033189e-46
8.050288118860171601e-46
1.289597878947605487e-45
2.094534218137356829e-45
3.261634945997391090e-45
5.231749047386226966e-45
8.152161032317997425e-45
1.292189906430572864e-44
2.029927306616082933e-44
3.292815688169539384e-44
5.188008466050248455e-44
8.318959529372249512e-44
1.331511368798150468e-43
2.073871943661860789e-43
3.314614656377238447e-43
5.324542980370942905e-43
8.350745165038765694e-43
1.337162031213747433e-42
2.108055798614965315e-42
3.386586637591528552e-42
5.383906973912400153e-42
8.714406866768938626e-42
1.360513003950623495e-41
2.194805995000317315e-41
3.465994524050196454e-41
5.419499290564264062e-41
8.641192804918467896e-41
1.357939013688708753e-40
2.169078747955969258e-40
3.464481564536783832e-40
5.496183256671756712e-40
8.782718951803625813e-40
1.378913795419649579e-39
2.170103563880376450e-39
3.535904719104712370e-39
5.487150531247032204e-39
8.819937978807699481e-39
1.386327339101144923e-38
2.250052489641063894e-38
3.518966716696686978e-38
5.431250073210754972e-38
9.099056557087490059e-38
1.446562615679160246e-37
2.296865264121446486e-37
3.493913291382765479e-37
5.681940460159067361e-37
9.033075917190199853e-37
1.413533848817647141e-36
2.244678978152215622e-36
3.529342671960210133e-36
5.577602461557475538e-36
9.012694947229097213e-36
1.433676609385189557e-35
2.278470839383813771e-35
3.552252031787503716e-35
5.539816177728398114e-35
8.774627005764551407e-35
1.409700341211139013e-34
2.175300412308368917e-34
3.427263722487954820e-34
5.346203500487989471e-34
8.358114273713518322e-34
1.276861237902093701e-33
1.924909663907787518e-33
2.916929323504144713e-33
4.290240805195286824e-33
6.120207065627366534e-33
8.900561289617833179e-33
1.161470275521078938e-32
1.508026203971708400e-32
1.903056784158094622e-32
2.081428445596456389e-32
2.032766806224266673e-32
1.780013526923863671e-32
1.204625070520397542e-32
6.656955298284933817e-33
2.658177305548706938e-33
6.728405335171413694e-34
1.073638815386746661e-34
8.405181933546117650e-36
3.242620770018280590e-37
4.717001789655484221e-39
1.865744457950814670e-41
1.598780163232411893e-44
1.967877450602932224e-48
2.008837168382685573e-53
1.061083401380730659e-59
1.003962187262390687e-67
7.039437170547990488e-78
1.014598773524970783e-90
0.000000000000000000e+00
0.000000000000000000e+00
0.000000000000000000e+00
0.000000000000000000e+00
0.000000000000000000e+00
0.000000000000000000e+00
0.000000000000000000e+00
0.000000000000000000e+00
0.000000000000000000e+00
0.000000000000000000e+00
0.000000000000000000e+00
0.000000000000000000e+00
0.000000000000000000e+00
0.000000000000000000e+00
0.000000000000000000e+00
0.000000000000000000e+00
0.000000000000000000e+00
0.000000000000000000e+00
0.000000000000000000e+00
0.000000000000000000e+00
0.000000000000000000e+00
0.000000000000000000e+00
0.000000000000000000e+00
0.000000000000000000e+00
0.000000000000000000e+00
0.000000000000000000e+00
0.000000000000000000e+00
0.000000000000000000e+00
0.000000000000000000e+00
0.000000000000000000e+00
0.000000000000000000e+00
0.000000000000000000e+00
0.000000000000000000e+00
0.000000000000000000e+00
0.000000000000000000e+00
0.000000000000000000e+00
0.000000000000000000e+00
0.000000000000000000e+00
0.000000000000000000e+00
0.000000000000000000e+00
0.000000000000000000e+00
0.000000000000000000e+00
0.000000000000000000e+00
0.000000000000000000e+00
0.000000000000000000e+00
0.000000000000000000e+00
0.000000000000000000e+00
0.000000000000000000e+00
0.000000000000000000e+00
0.000000000000000000e+00
0.000000000000000000e+00
0.000000000000000000e+00
0.000000000000000000e+00
0.000000000000000000e+00
0.000000000000000000e+00
0.000000000000000000e+00
0.000000000000000000e+00
0.000000000000000000e+00
0.000000000000000000e+00
0.000000000000000000e+00
0.000000000000000000e+00
0.000000000000000000e+00
0.000000000000000000e+00
0.000000000000000000e+00
0.000000000000000000e+00
0.000000000000000000e+00
0.000000000000000000e+00
0.000000000000000000e+00
0.000000000000000000e+00
0.000000000000000000e+00
0.000000000000000000e+00
0.000000000000000000e+00
0.000000000000000000e+00
0.000000000000000000e+00
0.000000000000000000e+00
0.000000000000000000e+00
0.000000000000000000e+00
0.000000000000000000e+00
0.000000000000000000e+00
0.000000000000000000e+00
0.000000000000000000e+00
0.000000000000000000e+00
0.000000000000000000e+00
0.000000000000000000e+00
0.000000000000000000e+00
0.000000000000000000e+00
0.000000000000000000e+00
0.000000000000000000e+00
0.000000000000000000e+00
0.000000000000000000e+00
0.000000000000000000e+00
0.000000000000000000e+00
0.000000000000000000e+00
0.000000000000000000e+00
0.000000000000000000e+00
0.000000000000000000e+00
0.000000000000000000e+00
0.000000000000000000e+00
0.000000000000000000e+00
