2.268767129669860382e-49
2.610665671775303256e-49
5.267802405801240080e-49
9.401567659783679142e-49
1.661995592307293728e-48
2.714518341582369928e-48
4.391104286031192542e-48
7.295116401303500330e-48
1.112340586764131752e-47
1.817840329068796558e-47
2.843613447348749080e-47
4.587463456505624627e-47
7.508203015417373059e-47
1.185429884645614214e-46
1.747857268872347562e-46
2.997355820808289819e-46
4.686080900128668474e-46
7.244508074466388922e-46
1.212313785612113816e-45
4.350445645495835888e-38
4.066278284001181014e-37
4.057204629067309257e-37
4.554725779081774032e-36
4.996756635741965420e-36
2.186120130122527384e-35
6.077303627541788289e-35
1.419166068286828615e-34
5.143814211593018296e-34
1.148417791852072829e-33
3.151202726210491287e-33
7.252559332689963284e-33
1.468016773582974075e-32
2.126857765803218022e-32
2.843736583273060587e-32
3.656676494869223247e-32
4.171262482180804476e-32
4.547807822501186237e-32
4.629081449424250929e-32
4.700536490788821442e-32
4.449086896877671689e-32
4.145530881142684710e-32
3.755782449685605810e-32
3.562745638544017225e-32
3.139289885076092471e-32
2.807162073475484364e-32
2.487310968780445876e-32
2.348622733111908710e-32
2.252518952898258372e-32
2.051757436131710523e-32
2.018313510548670408e-32
1.910854305920175123e-32
1.812432136379105347e-32
1.700239150221343408e-32
1.624317121754677531e-32
1.466288618957666496e-32
1.391043234950469874e-32
1.251569420948796670e-32
1.113290993173338308e-32
1.256211100261608863e-32
9.899309654771253292e-33
8.078743442106684564e-33
7.413704321035854991e-33
6.935341474570297226e-33
5.882513801023219119e-33
5.097723181335287497e-33
4.555275428708431250e-33
4.036148142097125685e-33
3.548203980112727680e-33
3.259989131845711428e-33
4.401483024580319661e-33
2.953252684953837700e-33
2.631373647194718319e-33
2.289018773002689088e-33
1.839449627835614768e-33
2.296445469224735116e-33
1.703845694457184852e-33
1.891709922928105941e-33
2.608479503551477049e-33
2.447863440612077702e-33
3.386520831197424361e-33
4.032727432173334421e-33
4.691929436166428227e-33
5.456386587066431562e-33
6.221583362390415105e-33
6.779252206554398585e-33
7.403897183650919726e-33
7.290996359969828777e-33
7.001396974781015117e-33
7.130817209574190697e-33
5.896817284119081662e-33
5.431643109978095388e-33
4.673688098118176086e-33
3.893511575432382261e-33
3.199202246251296290e-33
2.633183649187419519e-33
2.268554576590805536e-33
1.744433716171901416e-33
1.448272728780166825e-33
1.223475053493968844e-33
1.013913967273050964e-33
8.201509761574578713e-34
6.546761159935987897e-34
5.541188647522773528e-34
5.850628183702240568e-34
4.220136915598878580e-34
3.162865656184784023e-34
3.064006900820761739e-34
2.112323247466816179e-34
2.226218838747997714e-34
1.562003038428649318e-34
1.279057515337408333e-34
1.067057683570692007e-34
8.577038929916892843e-35
7.832434481949713135e-35
8.485577499591960014e-35
5.713470176876976307e-35
4.325227790256373146e-35
2.721549287190991587e-35
3.549827884379736800e-35
3.429686177570249271e-35
1.430117765478792307e-35
1.706617260097883624e-35
9.023317336791371703e-36
7.879724636768571747e-36
1.473668936803598694e-35
5.410925809288873583e-35
3.488364945033178694e-36
2.718781105511229260e-36
2.690029070451892692e-35
3.912569232628816221e-36
1.224282161983176176e-35
1.690166964990799438e-36
1.295732672168404199e-36
6.664696755701842640e-37
3.931414289630042048e-37
1.128208689499901700e-35
2.627757187754075688e-37
2.061314572923816194e-37
3.627459769253278454e-37
2.328824233989923548e-38
1.830766908280010099e-36
7.774248319613465888e-39
4.438908165888718917e-39
4.980316555849424125e-39
4.646369558190619836e-39
6.517183893668745737e-39
2.165235602123308702e-39
4.416069509969501519e-39
4.855401926131127807e-40
1.332241036662841988e-39
1.014171627009395791e-39
0.000000000000000000e+00
5.851716988668373030e-40
4.449170141220084331e-40
8.526559049838533311e-40
0.000000000000000000e+00
0.000000000000000000e+00
0.000000000000000000e+00
0.000000000000000000e+00
0.000000000000000000e+00
0.000000000000000000e+00
0.000000000000000000e+00
0.000000000000000000e+00
0.000000000000000000e+00
0.000000000000000000e+00
0.000000000000000000e+00
0.000000000000000000e+00
0.000000000000000000e+00
0.000000000000000000e+00
0.000000000000000000e+00
0.000000000000000000e+00
0.000000000000000000e+00
0.000000000000000000e+00
0.000000000000000000e+00
0.000000000000000000e+00
0.000000000000000000e+00
0.000000000000000000e+00
0.000000000000000000e+00
0.000000000000000000e+00
0.000000000000000000e+00
0.000000000000000000e+00
0.000000000000000000e+00
0.000000000000000000e+00
0.000000000000000000e+00
0.000000000000000000e+00
0.000000000000000000e+00
0.000000000000000000e+00
0.000000000000000000e+00
0.000000000000000000e+00
0.000000000000000000e+00
0.000000000000000000e+00
0.000000000000000000e+00
0.000000000000000000e+00
0.000000000000000000e+00
0.000000000000000000e+00
0.000000000000000000e+00
0.000000000000000000e+00
0.000000000000000000e+00
0.000000000000000000e+00
0.000000000000000000e+00
