0.000000000000000000e+00
0.000000000000000000e+00
0.000000000000000000e+00
0.000000000000000000e+00
0.000000000000000000e+00
0.000000000000000000e+00
0.000000000000000000e+00
0.000000000000000000e+00
0.000000000000000000e+00
0.000000000000000000e+00
0.000000000000000000e+00
0.000000000000000000e+00
0.000000000000000000e+00
0.000000000000000000e+00
0.000000000000000000e+00
0.000000000000000000e+00
0.000000000000000000e+00
0.000000000000000000e+00
0.000000000000000000e+00
0.000000000000000000e+00
0.000000000000000000e+00
0.000000000000000000e+00
0.000000000000000000e+00
0.000000000000000000e+00
0.000000000000000000e+00
0.000000000000000000e+00
0.000000000000000000e+00
0.000000000000000000e+00
0.000000000000000000e+00
0.000000000000000000e+00
6.793340255318081649e-32
4.514741332793373503e-31
3.832238162452360338e-31
3.212617359026976294e-31
2.822531829864936744e-31
2.371477520881580982e-31
2.044506229557936378e-31
1.757725955146143700e-31
1.484400733690746886e-31
1.238181721966549652e-31
1.076722538432370056e-31
9.086926185226699413e-32
7.789300094501716845e-32
6.712997078612057194e-32
5.635218084358634961e-32
4.791592169208892216e-32
4.096019408065894096e-32
3.541753847064948937e-32
3.066708381629447910e-32
2.475269769424895423e-32
2.095155053526436713e-32
1.800224601914241733e-32
1.528699401291156068e-32
1.354193644118465925e-32
1.171343976512204796e-32
9.717336020012065956e-33
8.303921900976847151e-33
7.168543047878731994e-33
6.054498382431699471e-33
5.133926760820955312e-33
4.430747200409467500e-33
3.746881149681544348e-33
3.179640200240227838e-33
2.757965010295380415e-33
2.268878951038872722e-33
1.966081689127165741e-33
1.655510062405985789e-33
1.420904004780336909e-33
1.220535303652178397e-33
1.032794225478707847e-33
8.911606610536010550e-34
7.570821063506956727e-34
6.444442633718183359e-34
5.450834674398431173e-34
4.708292358061174083e-34
3.962050852509609307e-34
3.406666867660742221e-34
2.909054429875204803e-34
2.466764555731732502e-34
2.116732359967317016e-34
1.804894843175141679e-34
1.527655976444120204e-34
1.321933437698617588e-34
1.116089357604104731e-34
9.398335497969179820e-35
7.987929268705006774e-35
6.902469313852252641e-35
5.999068265837114440e-35
5.038846642334326422e-35
4.300094503460301670e-35
3.636701955772964410e-35
3.080269171301841295e-35
2.657611783357126086e-35
2.290438475989472020e-35
1.911203791215415568e-35
1.644624032835402207e-35
1.406758572551299370e-35
1.191181477188222964e-35
1.023975116616129278e-35
8.731821165883154037e-36
4.119358067295813845e-36
0.000000000000000000e+00
0.000000000000000000e+00
0.000000000000000000e+00
0.000000000000000000e+00
0.000000000000000000e+00
0.000000000000000000e+00
0.000000000000000000e+00
0.000000000000000000e+00
0.000000000000000000e+00
0.000000000000000000e+00
0.000000000000000000e+00
0.000000000000000000e+00
0.000000000000000000e+00
0.000000000000000000e+00
0.000000000000000000e+00
0.000000000000000000e+00
0.000000000000000000e+00
0.000000000000000000e+00
0.000000000000000000e+00
0.000000000000000000e+00
0.000000000000000000e+00
0.000000000000000000e+00
0.000000000000000000e+00
0.000000000000000000e+00
0.000000000000000000e+00
0.000000000000000000e+00
0.000000000000000000e+00
0.000000000000000000e+00
0.000000000000000000e+00
0.000000000000000000e+00
0.000000000000000000e+00
0.000000000000000000e+00
0.000000000000000000e+00
0.000000000000000000e+00
0.000000000000000000e+00
0.000000000000000000e+00
0.000000000000000000e+00
0.000000000000000000e+00
0.000000000000000000e+00
0.000000000000000000e+00
0.000000000000000000e+00
0.000000000000000000e+00
0.000000000000000000e+00
0.000000000000000000e+00
0.000000000000000000e+00
0.000000000000000000e+00
0.000000000000000000e+00
0.000000000000000000e+00
0.000000000000000000e+00
0.000000000000000000e+00
0.000000000000000000e+00
0.000000000000000000e+00
0.000000000000000000e+00
0.000000000000000000e+00
0.000000000000000000e+00
0.000000000000000000e+00
0.000000000000000000e+00
0.000000000000000000e+00
0.000000000000000000e+00
0.000000000000000000e+00
0.000000000000000000e+00
0.000000000000000000e+00
0.000000000000000000e+00
0.000000000000000000e+00
0.000000000000000000e+00
0.000000000000000000e+00
0.000000000000000000e+00
0.000000000000000000e+00
0.000000000000000000e+00
0.000000000000000000e+00
0.000000000000000000e+00
0.000000000000000000e+00
0.000000000000000000e+00
0.000000000000000000e+00
0.000000000000000000e+00
0.000000000000000000e+00
0.000000000000000000e+00
0.000000000000000000e+00
0.000000000000000000e+00
0.000000000000000000e+00
0.000000000000000000e+00
0.000000000000000000e+00
0.000000000000000000e+00
0.000000000000000000e+00
0.000000000000000000e+00
0.000000000000000000e+00
0.000000000000000000e+00
0.000000000000000000e+00
0.000000000000000000e+00
0.000000000000000000e+00
0.000000000000000000e+00
0.000000000000000000e+00
0.000000000000000000e+00
0.000000000000000000e+00
0.000000000000000000e+00
0.000000000000000000e+00
0.000000000000000000e+00
0.000000000000000000e+00
0.000000000000000000e+00
