4.135667999999999496e-08
5.212525350022698329e-08
6.569777971691455443e-08
8.280436007305814064e-08
1.043652019391360770e-07
1.315401189766646991e-07
1.657909205262285687e-07
2.089600461271467867e-07
2.633696751237442551e-07
3.319466427212627419e-07
4.183798820503749158e-07
5.273188614577103836e-07
6.646236914794473564e-07
8.376803554014211276e-07
1.055798020475998352e-06
1.330709802197595851e-06
1.677203919047336369e-06
2.113919189159202214e-06
2.664347660738669204e-06
3.358098310327132268e-06
4.232489786522652927e-06
5.334557876976945576e-06
6.723585685530269671e-06
8.474292624281319804e-06
1.068085376475499528e-05
1.346196575950264800e-05
1.696723184321012213e-05
2.138520937910033367e-05
2.695355284904486491e-05
3.397179790515653515e-05
4.281747417018881774e-05
5.396641353610863418e-05
6.801834639694830076e-05
8.572916270375623507e-05
1.080515732475503121e-04
1.361863584462511152e-04
1.716469614408994853e-04
2.163409001315040614e-04
2.726723775172944513e-04
3.436716100179842428e-04
4.331578306822156540e-04
5.459447356489685295e-04
6.880994253604685949e-04
8.672687696467677905e-04
1.093090752707121362e-03
1.377712925302825584e-03
1.736445853050795672e-03
2.188586711498384258e-03
2.758457331296442720e-03
3.476712532615947298e-03
4.381989127512695044e-03
5.522984294359184476e-03
6.961075125499523696e-03
8.773620260397801615e-03
1.105812120769754901e-02
1.393746720451141848e-02
1.756654574753714962e-02
2.214057439363392374e-02
2.790560201904016338e-02
3.517174442723449562e-02
4.432986628314426053e-02
5.587260673826016655e-02
7.042087976961133866e-02
8.875727475464695315e-02
1.118681539856499763e-01
1.409967116582969693e-01
1.777098485150913898e-01
2.239824595043923561e-01
2.823036685070158258e-01
3.558107247722085975e-01
4.484577636998616224e-01
5.652285100496527992e-01
7.124043654348857224e-01
8.979023012234521595e-01
1.131700732982179103e+00
1.426376285356779627e+00
1.797780321363657396e+00
2.265891628360897414e+00
2.855891128890264419e+00
3.599516427877070601e+00
4.536769060797990250e+00
5.718066280128939916e+00
7.206953130251804396e+00
9.083520700371213508e+00
1.144871443214027273e+01
1.442976423704759448e+01
1.818702852367787770e+01
2.292262029284179903e+01
2.889127932062779536e+01
3.641407527232833274e+01
4.589567887331548945e+01
5.784613019798911893e+01
7.290827504957617577e+01
9.189234530488057828e+01
1.158195433905069791e+02
1.459769754126949124e+02
1.839868879364371992e+02
2.318939328399833641e+02
2.922751544478134065e+02
3.683786154355283315e+02
4.642981185539909461e+02
5.851934229078668750e+02
7.375678007939280860e+02
9.296178656020807693e+02
1.171674488930160805e+03
1.476758524988799536e+03
1.861281236154903581e+03
2.345927097382812462e+03
2.956766467814396492e+03
3.726657983082703595e+03
4.697016106632141600e+03
5.920038921229860534e+03
7.461515999357675355e+03
9.404367395122624657e+03
1.185310412924920820e+04
1.493945010822192853e+04
1.882942789520480073e+04
2.373228949475150512e+04
2.991177256140244572e+04
3.770028753285394487e+04
4.751679885042635578e+04
5.988936214410292450e+04
7.548352971583491308e+04
9.513815232581038435e+04
1.199105031527205865e+05
1.511331512629967474e+05
1.904856439605860214e+05
2.400848539969719423e+05
3.025988516524318256e+05
3.813904271634148317e+05
4.806979839400294586e+05
6.058635332894703606e+05
7.636200550734905992e+05
9.624536821757248836e+05
1.213060191621686332e+06
1.528920358193986351e+06
1.927025120307506761e+06
2.428789566699614748e+06
3.061204909652428236e+06
3.858290412377676927e+06
4.862923373507760465e+06
6.129145608309759758e+06
7.725070498235122301e+06
9.736546986547974870e+06
1.227177761586960778e+07
1.546713902386789955e+07
1.949451799666634202e+07
2.457055770533239096e+07
3.096831150451151654e+07
3.903193118129079044e+07
4.919517977333299816e+07
6.200476480883406103e+07
7.814974712386041880e+07
9.849860723370143771e+07
1.241459631545859277e+08
1.564714527486878335e+08
1.972139480266334414e+08
2.485650935875147581e+08
3.132872008719487190e+08
3.948618400661464334e+08
4.976771228012996316e+08
6.272637500708769560e+08
7.905925229962273836e+08
9.964493203168683052e+08
1.255907713618352652e+09
1.582924643497661114e+09
1.995091199633828402e+09
2.514578891172716141e+09
3.169332309767081261e+09
3.994572341712835312e+09
5.034690790865653038e+09
6.345638329022768974e+09
7.997934227821721077e+09
1.008045977344766808e+10
1.270523942177666664e+10
1.601346688470117378e+10
2.018310030646904373e+10
2.543843509428715897e+10
3.206216935060536957e+10
4.041061093800339508e+10
5.093284420418856049e+10
6.419488739499604797e+10
8.091014024536564636e+10
1.019777596032511597e+11
1.285310274109211731e+11
1.619983128829215393e+11
2.041799081945505981e+11
2.573448708719844055e+11
3.243530822876842041e+11
4.088090881043994751e+11
5.152559961447228394e+11
6.494198619559294434e+11
8.185177082042218018e+11
1.031645747061169189e+12
1.300268689072592773e+12
1.638836459704126465e+12
2.065561498347847900e+12
2.603398452721296875e+12
3.281278968964551270e+12
4.135668000000000000e+12
