0.000000000000000000e+00
3.677841502818514581e-48
5.851304639241576768e-48
9.284948337469878239e-48
1.472847504764866648e-47
2.332929745244973436e-47
3.724523694595645951e-47
5.877661474836318439e-47
9.345577260392167067e-47
1.491543798296527331e-46
2.369642394913023425e-46
3.779551989985664649e-46
5.953953935816253896e-46
9.508133655359452268e-46
1.503277792915122912e-45
2.390166724747481342e-45
3.803532657331556729e-45
6.030817139864760715e-45
9.575221206745407554e-45
1.520294109260391006e-44
2.420064072200966411e-44
3.831696928109602063e-44
6.156395624454306218e-44
9.714433659711413833e-44
1.542467404845039727e-43
2.451143309715878778e-43
3.901471738781180663e-43
6.191110402643318270e-43
9.828452413430807094e-43
1.563309422217265102e-42
4.858042755993531518e-32
3.298061864112693036e-31
2.812930671392537833e-31
2.392401497511974010e-31
2.058191380489294974e-31
1.750610731281854514e-31
1.483091838500129783e-31
1.259114941923391408e-31
1.080235877215893666e-31
9.246042733552789498e-32
7.828390141801807956e-32
6.698357568075824422e-32
5.702547027177256694e-32
4.860736277963758026e-32
4.140191014729816489e-32
3.534359507616788886e-32
2.995462053679062191e-32
2.564091354338707654e-32
2.184871472021983410e-32
1.856769806189088143e-32
1.599048814185084954e-32
1.351486857093345189e-32
1.154124346986596968e-32
9.907514472589764570e-33
8.328890543461880374e-33
7.118289519430958547e-33
6.092790018058325995e-33
5.195980432777348242e-33
4.449241111285815914e-33
3.790340380778524785e-33
3.201404941090609783e-33
2.753382321868955426e-33
2.339783308038260771e-33
1.996349078082623977e-33
1.709113446651566339e-33
1.473339592788998962e-33
1.277907936020066042e-33
1.117412274666808681e-33
9.988799461295543256e-34
9.277455119346669625e-34
9.034635957051003014e-34
9.451877599939394471e-34
1.071688716118096162e-33
1.333133872463970159e-33
1.742508113338955487e-33
2.408089393294580478e-33
3.371505766401387824e-33
4.718516857125174060e-33
6.573107230846740157e-33
8.830747138494384048e-33
1.138002973464281583e-32
1.380782256815860906e-32
1.530934505212133200e-32
1.523525069925088225e-32
1.287006710960239946e-32
9.110313616509272948e-33
4.941675221694863041e-33
1.952883854630474515e-33
5.338472812118345248e-34
1.080620199089487231e-34
3.298970635506901755e-35
2.307404825710525280e-35
1.934149946896970133e-35
1.665919595467890246e-35
1.416309060141169399e-35
1.202247249081012230e-35
1.032067383540648208e-35
8.731856320033424794e-36
7.474774859727665636e-36
6.338911268899228038e-36
2.979651884428618085e-36
0.000000000000000000e+00
0.000000000000000000e+00
0.000000000000000000e+00
0.000000000000000000e+00
0.000000000000000000e+00
0.000000000000000000e+00
0.000000000000000000e+00
0.000000000000000000e+00
0.000000000000000000e+00
0.000000000000000000e+00
0.000000000000000000e+00
0.000000000000000000e+00
0.000000000000000000e+00
0.000000000000000000e+00
0.000000000000000000e+00
0.000000000000000000e+00
0.000000000000000000e+00
0.000000000000000000e+00
0.000000000000000000e+00
0.000000000000000000e+00
0.000000000000000000e+00
0.000000000000000000e+00
0.000000000000000000e+00
0.000000000000000000e+00
0.000000000000000000e+00
0.000000000000000000e+00
0.000000000000000000e+00
0.000000000000000000e+00
0.000000000000000000e+00
0.000000000000000000e+00
0.000000000000000000e+00
0.000000000000000000e+00
0.000000000000000000e+00
0.000000000000000000e+00
0.000000000000000000e+00
0.000000000000000000e+00
0.000000000000000000e+00
0.000000000000000000e+00
0.000000000000000000e+00
0.000000000000000000e+00
0.000000000000000000e+00
0.000000000000000000e+00
0.000000000000000000e+00
0.000000000000000000e+00
0.000000000000000000e+00
0.000000000000000000e+00
0.000000000000000000e+00
0.000000000000000000e+00
0.000000000000000000e+00
0.000000000000000000e+00
0.000000000000000000e+00
0.000000000000000000e+00
0.000000000000000000e+00
0.000000000000000000e+00
0.000000000000000000e+00
0.000000000000000000e+00
0.000000000000000000e+00
0.000000000000000000e+00
0.000000000000000000e+00
0.000000000000000000e+00
0.000000000000000000e+00
0.000000000000000000e+00
0.000000000000000000e+00
0.000000000000000000e+00
0.000000000000000000e+00
0.000000000000000000e+00
0.000000000000000000e+00
0.000000000000000000e+00
0.000000000000000000e+00
0.000000000000000000e+00
0.000000000000000000e+00
0.000000000000000000e+00
0.000000000000000000e+00
0.000000000000000000e+00
0.000000000000000000e+00
0.000000000000000000e+00
0.000000000000000000e+00
0.000000000000000000e+00
0.000000000000000000e+00
0.000000000000000000e+00
0.000000000000000000e+00
0.000000000000000000e+00
0.000000000000000000e+00
0.000000000000000000e+00
0.000000000000000000e+00
0.000000000000000000e+00
0.000000000000000000e+00
0.000000000000000000e+00
0.000000000000000000e+00
0.000000000000000000e+00
0.000000000000000000e+00
0.000000000000000000e+00
0.000000000000000000e+00
0.000000000000000000e+00
0.000000000000000000e+00
0.000000000000000000e+00
0.000000000000000000e+00
0.000000000000000000e+00
0.000000000000000000e+00
