0.000000000000000000e+00
4.970396144242764152e-48
7.785800249370811020e-48
1.253706338474960510e-47
1.976896691354556023e-47
3.194813837912023292e-47
5.017341562612643664e-47
8.032314339426100843e-47
1.266735232177591125e-46
2.012432280978856914e-46
3.173781393674311119e-46
5.072413919651429711e-46
8.029389821041232762e-46
1.282972162479416466e-45
2.047878174143443185e-45
3.226383682271696843e-45
5.139957231951612230e-45
8.096595183882145106e-45
1.304574694562974601e-44
2.065858983685788083e-44
3.265442558073085568e-44
5.196500414686570035e-44
8.276137916079637455e-44
1.307965197865459642e-43
2.091771585864588455e-43
3.333618187611179281e-43
5.236328013887288491e-43
8.304341298538125568e-43
1.323389308433018062e-42
2.087748188212433032e-42
3.336522998711599301e-42
5.357703318128029542e-42
8.484391976521405357e-42
1.339749928781948422e-41
2.137881582521051926e-41
3.384860687533110802e-41
5.367952314917324261e-41
8.532582005479686092e-41
1.346169940905457837e-40
2.140221372525652609e-40
3.420579941375222005e-40
5.442532792567796147e-40
8.679990420552756065e-40
1.380889135274423202e-39
2.180107691521663443e-39
3.440017088474011827e-39
5.540564671076389418e-39
8.752570507738839302e-39
1.376732795842048853e-38
2.197878004260093262e-38
3.483775537536478558e-38
5.575585779753830275e-38
8.917114762940914580e-38
1.405657588419248225e-37
2.246997990908803633e-37
3.538818583831449569e-37
5.600312494412651803e-37
8.947251343709233182e-37
1.420933242880010350e-36
2.238427263595221825e-36
3.540957659951784456e-36
5.645058682231872016e-36
8.936078421447452889e-36
1.410402911591570585e-35
2.235565444342758658e-35
3.547148455432427810e-35
5.570378638362891560e-35
8.778655952704527061e-35
1.388675935344786210e-34
2.173869982562936537e-34
3.372292513242583827e-34
5.218239027723238861e-34
8.171771400622750036e-34
1.256440232777399045e-33
1.884777707065668553e-33
2.858845551628116079e-33
4.217840086758319797e-33
6.090274540187141359e-33
8.564487062440346920e-33
1.168129980559348207e-32
1.518465503570973375e-32
1.836588810896373018e-32
2.043535875606171501e-32
2.042368101239762919e-32
1.746440528681929716e-32
1.221460063331433751e-32
6.574433419730756549e-33
2.560220952283921332e-33
6.637512703116219758e-34
1.047637237603970585e-34
8.698869278037881723e-36
3.228892393150410325e-37
4.595142032714660110e-39
1.876607166969755431e-41
1.619085855400508589e-44
2.023919860840208972e-48
2.197159119676857850e-53
1.043310598889959445e-59
9.665073210353359179e-68
6.575054176359227175e-78
9.198288113443557490e-91
0.000000000000000000e+00
0.000000000000000000e+00
0.000000000000000000e+00
0.000000000000000000e+00
0.000000000000000000e+00
0.000000000000000000e+00
0.000000000000000000e+00
0.000000000000000000e+00
0.000000000000000000e+00
0.000000000000000000e+00
0.000000000000000000e+00
0.000000000000000000e+00
0.000000000000000000e+00
0.000000000000000000e+00
0.000000000000000000e+00
0.000000000000000000e+00
0.000000000000000000e+00
0.000000000000000000e+00
0.000000000000000000e+00
0.000000000000000000e+00
0.000000000000000000e+00
0.000000000000000000e+00
0.000000000000000000e+00
0.000000000000000000e+00
0.000000000000000000e+00
0.000000000000000000e+00
0.000000000000000000e+00
0.000000000000000000e+00
0.000000000000000000e+00
0.000000000000000000e+00
0.000000000000000000e+00
0.000000000000000000e+00
0.000000000000000000e+00
0.000000000000000000e+00
0.000000000000000000e+00
0.000000000000000000e+00
0.000000000000000000e+00
0.000000000000000000e+00
0.000000000000000000e+00
0.000000000000000000e+00
0.000000000000000000e+00
0.000000000000000000e+00
0.000000000000000000e+00
0.000000000000000000e+00
0.000000000000000000e+00
0.000000000000000000e+00
0.000000000000000000e+00
0.000000000000000000e+00
0.000000000000000000e+00
0.000000000000000000e+00
0.000000000000000000e+00
0.000000000000000000e+00
0.000000000000000000e+00
0.000000000000000000e+00
0.000000000000000000e+00
0.000000000000000000e+00
0.000000000000000000e+00
0.000000000000000000e+00
0.000000000000000000e+00
0.000000000000000000e+00
0.000000000000000000e+00
0.000000000000000000e+00
0.000000000000000000e+00
0.000000000000000000e+00
0.000000000000000000e+00
0.000000000000000000e+00
0.000000000000000000e+00
0.000000000000000000e+00
0.000000000000000000e+00
0.000000000000000000e+00
0.000000000000000000e+00
0.000000000000000000e+00
0.000000000000000000e+00
0.000000000000000000e+00
0.000000000000000000e+00
0.000000000000000000e+00
0.000000000000000000e+00
0.000000000000000000e+00
0.000000000000000000e+00
0.000000000000000000e+00
0.000000000000000000e+00
0.000000000000000000e+00
0.000000000000000000e+00
0.000000000000000000e+00
0.000000000000000000e+00
0.000000000000000000e+00
0.000000000000000000e+00
0.000000000000000000e+00
0.000000000000000000e+00
0.000000000000000000e+00
0.000000000000000000e+00
0.000000000000000000e+00
0.000000000000000000e+00
0.000000000000000000e+00
0.000000000000000000e+00
0.000000000000000000e+00
0.000000000000000000e+00
0.000000000000000000e+00
0.000000000000000000e+00
