1.260313886444879389e-49
1.904323016777384145e-49
4.139725615387272592e-49
7.673797509885408584e-49
1.344666141594115841e-48
2.265359688948777418e-48
3.761253278738736255e-48
6.079648760485362839e-48
9.711315969686293997e-48
1.565066687103847822e-47
2.457517207593792294e-47
3.947055425284129644e-47
6.213048353107131340e-47
9.921347563394616607e-47
1.574508826841634964e-46
2.525426785299439349e-46
4.002976686204524550e-46
6.417208140255384666e-46
1.003888919084012944e-45
1.602947827324207716e-45
2.542896012149727697e-45
4.053750398446214811e-45
6.468694137120978588e-45
1.026471782666961857e-44
1.596790690787556673e-44
2.567774796621736151e-44
4.043791356837559172e-44
6.474419600388595619e-44
1.028102787145821794e-43
1.634888070635269898e-43
2.600703804284265813e-43
4.131890845586168007e-43
6.590086625808726082e-43
1.051733375585163896e-42
1.658475825175395744e-42
2.613721569450073944e-42
4.152775960739051718e-42
6.652265843516262328e-42
1.057826057748196718e-41
1.660888530136001684e-41
2.714673599598396813e-41
4.340503467270724489e-41
7.129993107729850617e-41
1.204588725808698385e-40
2.111576184964955319e-40
3.809422139464712610e-40
6.856327856316333619e-40
1.206994101673667354e-39
2.033209557072933470e-39
3.419628574465081783e-39
5.660414391960391118e-39
9.359671865155970643e-39
1.502462809804807519e-38
2.396826672151741785e-38
3.836131639995836565e-38
6.125227668413087850e-38
9.782699374671719571e-38
1.540808075494330988e-37
2.447348092453482660e-37
3.906330216119461743e-37
6.197125913592041252e-37
9.781063149024943091e-37
1.539898888421598850e-36
2.449172293441800011e-36
3.881548372680443089e-36
6.134612202804951863e-36
9.644245954347606222e-36
1.526193415681067206e-35
2.401432769426888915e-35
3.760568230422456840e-35
5.869491543330802557e-35
9.216926486870453299e-35
1.421507163779882928e-34
2.177724108515023331e-34
3.304294728745571006e-34
5.004617661256038101e-34
7.458661072735756050e-34
1.090932957383105450e-33
1.565574430571526518e-33
2.204320148839134711e-33
2.960042181065582621e-33
3.934259930577394152e-33
4.954631333247287381e-33
5.957678000592632907e-33
6.907208266386950772e-33
7.563212820773704550e-33
7.957906171210919845e-33
8.027071769634133175e-33
7.774004548144357097e-33
7.344993436312190896e-33
6.731832929271676785e-33
6.050317081878262324e-33
5.307850648677501776e-33
4.653442896154919713e-33
3.984461139082449883e-33
3.500061745519925377e-33
2.956132072137074364e-33
2.564927332532567024e-33
2.226513971404451482e-33
2.004057720273326627e-33
1.736367517163170938e-33
1.513473957853415870e-33
1.289414224198662886e-33
1.145330773722125639e-33
1.007299748721384479e-33
8.529267423321384565e-34
7.355481013083485426e-34
6.443046372752854914e-34
5.697209848839499887e-34
5.372138465850112116e-34
4.232692342764611458e-34
3.876774939200983330e-34
3.857008170987021098e-34
2.888249678168821649e-34
2.718037456212140458e-34
2.361817777952938400e-34
1.950227257545105035e-34
1.701876723029420323e-34
1.589707573548918988e-34
1.251099339463910024e-34
1.177533868236188542e-34
9.810226727016267258e-35
7.784349729456207724e-35
6.771273748649887849e-35
6.125159605847574095e-35
5.220582469561722189e-35
4.408206833952718804e-35
3.764161431467038252e-35
3.122104043666206054e-35
3.124895206727419039e-35
2.472192910888742705e-35
2.452859052773297266e-35
1.986060609514007113e-35
1.846157749173023750e-35
1.185385432130686785e-35
1.251747424474520427e-35
7.482503825071599538e-36
7.062733999529806841e-36
5.308900060819570001e-36
5.437112415182909295e-36
4.418714841354683226e-36
2.392007968994903509e-36
1.882871589094363943e-36
4.343786499408900003e-36
2.264055192915424896e-36
1.472798650423731923e-36
7.816908873286360899e-37
8.294084583137713438e-37
3.122364307254059098e-37
6.435784248834016733e-37
1.337414178144186680e-38
1.686841152658198379e-37
8.729406614996202646e-37
3.236036850979461738e-39
1.625611857413428299e-39
1.401772959550878473e-39
2.975606555738511869e-44
4.143272661539982379e-43
2.292473077802334488e-40
1.537454607193369434e-44
2.474596731781931520e-50
7.311266012138296998e-62
2.503204108539103115e-70
8.689201922577444904e-89
3.794063455995306341e-62
0.000000000000000000e+00
4.904112145166379095e-75
1.672579446124646765e-79
0.000000000000000000e+00
0.000000000000000000e+00
0.000000000000000000e+00
1.429928806646950212e-88
0.000000000000000000e+00
0.000000000000000000e+00
0.000000000000000000e+00
0.000000000000000000e+00
0.000000000000000000e+00
0.000000000000000000e+00
0.000000000000000000e+00
0.000000000000000000e+00
0.000000000000000000e+00
0.000000000000000000e+00
0.000000000000000000e+00
0.000000000000000000e+00
0.000000000000000000e+00
0.000000000000000000e+00
0.000000000000000000e+00
0.000000000000000000e+00
0.000000000000000000e+00
0.000000000000000000e+00
0.000000000000000000e+00
0.000000000000000000e+00
0.000000000000000000e+00
0.000000000000000000e+00
0.000000000000000000e+00
0.000000000000000000e+00
0.000000000000000000e+00
0.000000000000000000e+00
0.000000000000000000e+00
0.000000000000000000e+00
