1.250327762178351517e-49
1.957963856875963625e-49
4.107754479970150694e-49
7.711832724396248957e-49
1.348819399865368503e-48
2.256484893093501423e-48
3.766147442863353727e-48
6.049514910935504178e-48
9.734982471954269288e-48
1.553777017083620410e-47
2.486653943865234843e-47
3.942019327928153999e-47
6.293469634010493432e-47
9.875901515825742172e-47
1.567645245244217744e-46
2.504645373677462829e-46
3.921138859024014691e-46
6.270207703524339909e-46
1.007365259681185906e-45
1.572075140712153260e-45
8.910263977140828545e-38
1.133259558637333597e-37
2.548627760366344647e-37
8.011136339674608737e-37
6.142994886456462752e-36
1.788325760960093911e-35
6.818060027402012356e-35
2.084160228871923972e-34
6.712850974141092784e-34
1.893015742372885256e-33
5.354639141804609065e-33
1.243682061244170592e-32
2.002381053780582160e-32
2.817090500084688809e-32
3.547071840822328396e-32
4.187153172829822835e-32
4.689012870951982353e-32
5.093725612932124913e-32
5.306114003186741413e-32
5.209336757336518033e-32
5.033392279181178506e-32
4.647165958111798149e-32
4.303897788564731428e-32
3.938839704874173088e-32
3.532834993974289329e-32
3.206573929824319266e-32
3.024579551787595432e-32
2.789223712470147397e-32
2.657864728718318367e-32
2.579195508929767336e-32
2.416760616368176712e-32
2.361946318310053231e-32
2.273908555288882118e-32
2.191814435738424155e-32
2.085814740850211320e-32
1.926285478242522498e-32
1.799397598584675197e-32
1.681300382221275060e-32
1.527981972266717281e-32
1.416194298485508144e-32
1.304328799805903874e-32
1.304384386536199685e-32
1.063251291355616076e-32
9.807021150694371807e-33
9.302002854978219987e-33
8.199518345781075202e-33
7.330721562581891821e-33
6.928425162686744151e-33
6.208920428068462103e-33
5.363035956909447342e-33
4.679665623025162571e-33
4.313426798615745570e-33
3.785225606296172627e-33
3.578955219128965145e-33
3.821681079889284160e-33
3.203260546150470537e-33
3.169192055251862233e-33
3.213839369180874324e-33
3.401710702757628866e-33
4.260596128874781621e-33
4.487234683161819783e-33
5.222757596111055379e-33
6.116865828205484417e-33
7.007447213110580504e-33
7.821124134221142306e-33
8.352542174385572324e-33
8.657297563513483066e-33
8.599288508372635054e-33
8.315802918895344725e-33
7.854816599033944336e-33
8.459539813301315918e-33
6.463551843591570218e-33
5.677663671443486397e-33
5.577510327412174877e-33
4.236791106002378333e-33
3.660664413370811341e-33
3.524015785795085560e-33
2.779418683920286465e-33
2.570188884175532058e-33
2.083646636198307418e-33
1.838216269912134469e-33
1.582583688237296131e-33
1.363060706806664175e-33
1.216601820504095444e-33
1.034187541163676319e-33
8.944657221739053942e-34
8.177489981602736789e-34
6.923686398650685853e-34
6.246987425573329092e-34
5.399220776511299822e-34
4.603313298608741275e-34
3.906717634749125145e-34
3.388512418073287182e-34
3.192143693621874873e-34
2.917275759634180323e-34
2.261915906895060871e-34
1.901115355584402695e-34
1.677694523475929563e-34
1.533948679381406523e-34
1.358803779230063729e-34
1.630491076318053198e-34
1.186634962958384136e-34
9.726813392598222121e-35
7.019267302333206712e-35
5.320177036782401808e-35
5.733442766478428768e-35
4.671235677812029848e-35
4.624514743113035157e-35
3.161924123938475863e-35
3.856206989767494512e-35
1.937513893867482159e-35
1.993181696759336159e-35
1.954766617069078027e-35
1.303228209703654332e-35
9.189083085260914314e-36
9.820129808881889785e-36
1.091012381823426980e-35
7.703756489980314216e-36
7.298169060248993197e-36
4.395937542299934949e-36
3.218603127199425797e-36
3.703390360996662223e-36
4.785069368637644413e-36
1.750992180139588376e-36
2.972680808627300827e-36
3.170600884746970523e-36
1.388352633499163705e-36
1.795578341132533995e-36
3.144313476860307308e-37
6.510331145141027684e-37
3.304809963341548775e-37
7.518181994820262887e-39
2.888058181541609314e-38
4.833149508600569297e-38
2.046482441450352629e-37
1.051199643147112494e-36
1.571326820455195330e-39
8.275858737386309213e-39
8.895735514866262991e-40
1.442723925869739384e-38
1.196213654936492620e-39
1.672608420920097754e-39
3.067430271095173582e-40
8.381839967238463976e-39
2.528873463861913845e-39
1.478255166525452833e-71
8.360790127334416244e-40
1.142448806932004618e-62
3.302140033009061632e-65
1.605807684461359041e-64
0.000000000000000000e+00
0.000000000000000000e+00
0.000000000000000000e+00
0.000000000000000000e+00
0.000000000000000000e+00
0.000000000000000000e+00
0.000000000000000000e+00
0.000000000000000000e+00
0.000000000000000000e+00
0.000000000000000000e+00
0.000000000000000000e+00
0.000000000000000000e+00
0.000000000000000000e+00
0.000000000000000000e+00
0.000000000000000000e+00
0.000000000000000000e+00
0.000000000000000000e+00
0.000000000000000000e+00
0.000000000000000000e+00
0.000000000000000000e+00
0.000000000000000000e+00
0.000000000000000000e+00
0.000000000000000000e+00
0.000000000000000000e+00
0.000000000000000000e+00
0.000000000000000000e+00
0.000000000000000000e+00
0.000000000000000000e+00
0.000000000000000000e+00
0.000000000000000000e+00
