0.000000000000000000e+00
0.000000000000000000e+00
0.000000000000000000e+00
0.000000000000000000e+00
0.000000000000000000e+00
0.000000000000000000e+00
0.000000000000000000e+00
0.000000000000000000e+00
0.000000000000000000e+00
0.000000000000000000e+00
0.000000000000000000e+00
0.000000000000000000e+00
0.000000000000000000e+00
0.000000000000000000e+00
0.000000000000000000e+00
0.000000000000000000e+00
0.000000000000000000e+00
0.000000000000000000e+00
0.000000000000000000e+00
0.000000000000000000e+00
2.254129850102199777e-40
0.000000000000000000e+00
4.104217645476767174e-37
9.399990494631108161e-37
5.195754399591741921e-36
1.862474935192438395e-35
6.199246821424070794e-35
2.125959126976635689e-34
6.408933567167313190e-34
1.935930044100814852e-33
5.301886969372534565e-33
1.234277232952271857e-32
2.020736528030316524e-32
2.795800055572251133e-32
3.558233223003419628e-32
4.223386086691518922e-32
4.788789357014268488e-32
5.143465632695739097e-32
5.308959504820428064e-32
5.274544276641569514e-32
5.070977171553916539e-32
4.688945580109838648e-32
4.307144432878490261e-32
3.906041505911453089e-32
3.488764994838464134e-32
3.238920192789356319e-32
2.992925881807034125e-32
2.826890539184034640e-32
2.674734088421404816e-32
2.555395631727558119e-32
2.461615369620092934e-32
2.379587926006454833e-32
2.286425402921500773e-32
2.182012527742676820e-32
2.077967259148577314e-32
1.937842346820464569e-32
1.838005814742125063e-32
1.672163389463909204e-32
1.547205061956985909e-32
1.433063593727878578e-32
1.279367897091232495e-32
1.181979024924735607e-32
1.083388755101582893e-32
9.860954135344374917e-33
8.779136493771061110e-33
8.042219925947055205e-33
7.188108822806414560e-33
6.379393811270009526e-33
6.107665423085295311e-33
5.354887306146230587e-33
4.717377301741954932e-33
4.119189950247847738e-33
3.664034898579725066e-33
3.338327238381261406e-33
2.942593170888828319e-33
2.727060925897981106e-33
2.319131952021954505e-33
2.064632288315388764e-33
1.862780041408821322e-33
2.937377338718539709e-33
1.434074835350168651e-33
1.309444559568083107e-33
1.149786230159673527e-33
1.041449509783294425e-33
1.897269403347415490e-33
8.065708685118069395e-34
7.194308057766007120e-34
1.151249168411485358e-33
5.288404810344222123e-34
4.799087494359259102e-34
7.558671120709103023e-34
3.469461512842394655e-34
3.481541431926855519e-34
2.896740443057812076e-34
2.363567593566314432e-34
2.137826131084993933e-34
1.883037602665105362e-34
1.661915003620158860e-34
1.400189727718238399e-34
1.313215978398683792e-34
9.811259757691020989e-35
1.035307822813844200e-34
7.856176648329979622e-35
6.346335595360994732e-35
5.468647170371974542e-35
4.663082016658150040e-35
4.025298835310099340e-35
3.447276246201423053e-35
3.497769536645264576e-35
2.766996373757578419e-35
1.917244354037504801e-35
1.982144688547810016e-35
1.366814257409018494e-35
1.215132321009366493e-35
1.458734401842841757e-35
1.188092066970725760e-35
1.081837805100253832e-35
6.122782775126511210e-36
6.533873092042128665e-36
4.458767550313191823e-36
4.774333093057830791e-36
4.641815448941067264e-36
2.684783269726604980e-36
2.416708307465316606e-36
1.956844426610966407e-36
1.476580565871238122e-36
1.721899899115541375e-36
1.132393841586272298e-36
1.160292903517367229e-36
1.084622632997790301e-36
7.179622616615783775e-37
5.456081448023220494e-37
4.057402908432085582e-37
3.825386373413727677e-37
3.630923175786972872e-37
7.441393347650293697e-37
3.377442339347684515e-37
4.246139458784766050e-37
1.832147275550910176e-37
1.486102725945460205e-37
1.083707136137921122e-37
7.193953427689554176e-38
8.791492031671603691e-38
8.325073970704907633e-38
5.113361721393130225e-38
5.061797723640612584e-38
4.640788517170930317e-38
4.861322694881930189e-38
2.116302441766493686e-38
1.394782720810252526e-38
2.279739028690098619e-38
8.349788442937245493e-39
2.385767390792219205e-38
7.513180960772483759e-39
4.329062722280426879e-39
5.398238477545870996e-39
1.817153856467718804e-39
1.492069501109480321e-39
2.795015485352999613e-39
2.029143929464732654e-39
9.448901830837361641e-40
4.483916452154233910e-41
2.401385939458745290e-39
1.295882655942227503e-39
5.813068006634296097e-40
0.000000000000000000e+00
1.510530129917331425e-40
0.000000000000000000e+00
0.000000000000000000e+00
0.000000000000000000e+00
0.000000000000000000e+00
0.000000000000000000e+00
0.000000000000000000e+00
0.000000000000000000e+00
0.000000000000000000e+00
0.000000000000000000e+00
0.000000000000000000e+00
0.000000000000000000e+00
0.000000000000000000e+00
0.000000000000000000e+00
0.000000000000000000e+00
0.000000000000000000e+00
0.000000000000000000e+00
0.000000000000000000e+00
0.000000000000000000e+00
0.000000000000000000e+00
0.000000000000000000e+00
0.000000000000000000e+00
0.000000000000000000e+00
0.000000000000000000e+00
0.000000000000000000e+00
0.000000000000000000e+00
0.000000000000000000e+00
0.000000000000000000e+00
0.000000000000000000e+00
0.000000000000000000e+00
0.000000000000000000e+00
0.000000000000000000e+00
0.000000000000000000e+00
0.000000000000000000e+00
