0.000000000000000000e+00
0.000000000000000000e+00
0.000000000000000000e+00
0.000000000000000000e+00
0.000000000000000000e+00
0.000000000000000000e+00
0.000000000000000000e+00
0.000000000000000000e+00
0.000000000000000000e+00
0.000000000000000000e+00
0.000000000000000000e+00
0.000000000000000000e+00
0.000000000000000000e+00
0.000000000000000000e+00
0.000000000000000000e+00
0.000000000000000000e+00
0.000000000000000000e+00
0.000000000000000000e+00
0.000000000000000000e+00
0.000000000000000000e+00
0.000000000000000000e+00
0.000000000000000000e+00
0.000000000000000000e+00
0.000000000000000000e+00
0.000000000000000000e+00
0.000000000000000000e+00
0.000000000000000000e+00
0.000000000000000000e+00
0.000000000000000000e+00
0.000000000000000000e+00
6.299405541897194552e-32
4.394753292139789804e-31
3.834614475541970536e-31
3.149996005172869861e-31
2.782570281295380536e-31
2.407787130647663457e-31
1.882839409783936947e-31
1.772483694138535825e-31
1.470023894250504054e-31
1.275758451176922907e-31
1.022975092377677410e-31
8.843461828799087875e-32
7.541148588952528642e-32
6.539292345973999535e-32
5.384469993096069290e-32
4.756135362273590754e-32
4.081505807290143061e-32
3.307260756638137768e-32
2.967470710155579581e-32
2.496154979821303226e-32
2.107712377137622203e-32
1.723349499719737790e-32
1.575717278464521456e-32
1.338517771919252228e-32
1.116957636222708424e-32
9.224094416402466363e-33
7.898763370532710632e-33
6.693196467454441693e-33
5.875660129758387617e-33
5.126851533310201736e-33
4.354835898326991127e-33
3.569047515687450962e-33
3.088565625500019622e-33
2.887895655899540672e-33
2.220213022435897232e-33
2.048096191211973643e-33
1.680617706551113974e-33
1.394526063902763187e-33
1.221214358262435600e-33
1.020214864820174966e-33
9.057518982808642271e-34
7.918406889266699161e-34
6.220521896520602325e-34
5.041046346554329452e-34
4.629461704259306527e-34
3.941368150042710850e-34
3.462703777615550211e-34
2.859610228738195988e-34
2.462458201561140995e-34
2.077493277502913883e-34
1.850033543760603098e-34
1.511981851330529321e-34
1.385025965218190552e-34
1.101432425690903868e-34
9.065284970078338637e-35
8.123131896190206389e-35
6.743216482711790524e-35
5.670763826994412273e-35
4.891136860999580839e-35
4.111693034590327186e-35
3.571841730331814425e-35
3.108754628763909736e-35
2.521698335864367821e-35
2.162545739056284778e-35
2.069024836829939309e-35
1.654477276782527840e-35
1.398011412501338762e-35
1.199002948491880946e-35
9.576322495406889972e-36
8.716396427876482684e-36
3.507323399281404427e-36
0.000000000000000000e+00
0.000000000000000000e+00
0.000000000000000000e+00
0.000000000000000000e+00
0.000000000000000000e+00
0.000000000000000000e+00
0.000000000000000000e+00
0.000000000000000000e+00
0.000000000000000000e+00
0.000000000000000000e+00
0.000000000000000000e+00
0.000000000000000000e+00
0.000000000000000000e+00
0.000000000000000000e+00
0.000000000000000000e+00
0.000000000000000000e+00
0.000000000000000000e+00
0.000000000000000000e+00
0.000000000000000000e+00
0.000000000000000000e+00
0.000000000000000000e+00
0.000000000000000000e+00
0.000000000000000000e+00
0.000000000000000000e+00
0.000000000000000000e+00
0.000000000000000000e+00
0.000000000000000000e+00
0.000000000000000000e+00
0.000000000000000000e+00
0.000000000000000000e+00
0.000000000000000000e+00
0.000000000000000000e+00
0.000000000000000000e+00
0.000000000000000000e+00
0.000000000000000000e+00
0.000000000000000000e+00
0.000000000000000000e+00
0.000000000000000000e+00
0.000000000000000000e+00
0.000000000000000000e+00
0.000000000000000000e+00
0.000000000000000000e+00
0.000000000000000000e+00
0.000000000000000000e+00
0.000000000000000000e+00
0.000000000000000000e+00
0.000000000000000000e+00
0.000000000000000000e+00
0.000000000000000000e+00
0.000000000000000000e+00
0.000000000000000000e+00
0.000000000000000000e+00
0.000000000000000000e+00
0.000000000000000000e+00
0.000000000000000000e+00
0.000000000000000000e+00
0.000000000000000000e+00
0.000000000000000000e+00
0.000000000000000000e+00
0.000000000000000000e+00
0.000000000000000000e+00
0.000000000000000000e+00
0.000000000000000000e+00
0.000000000000000000e+00
0.000000000000000000e+00
0.000000000000000000e+00
0.000000000000000000e+00
0.000000000000000000e+00
0.000000000000000000e+00
0.000000000000000000e+00
0.000000000000000000e+00
0.000000000000000000e+00
0.000000000000000000e+00
0.000000000000000000e+00
0.000000000000000000e+00
0.000000000000000000e+00
0.000000000000000000e+00
0.000000000000000000e+00
0.000000000000000000e+00
0.000000000000000000e+00
0.000000000000000000e+00
0.000000000000000000e+00
0.000000000000000000e+00
0.000000000000000000e+00
0.000000000000000000e+00
0.000000000000000000e+00
0.000000000000000000e+00
0.000000000000000000e+00
0.000000000000000000e+00
0.000000000000000000e+00
0.000000000000000000e+00
0.000000000000000000e+00
0.000000000000000000e+00
0.000000000000000000e+00
0.000000000000000000e+00
0.000000000000000000e+00
0.000000000000000000e+00
0.000000000000000000e+00
0.000000000000000000e+00
